010000010052282.00
020000000000001.00
030000000000000.00
040000000000000.00
050000000000000.00
060000000000000.00
070000000000000.00
080000000000000.00
090000000000000.00
100000000000000.00
110000000000000.00
120000000000000.00
130000000000000.00
140000000000000010
150000000000000.00
160000000000000011
170000000000000.00
1800000011/18/2024
190000000000000.00
200000000000000.00
210000000000000.00
220000000000000.00
230000000000000.00
240000000000000.00
250000000000000.00
260000000000000.00
270000000000000.00
280000000000000.00
290000000000000.00
300000000000000.00
