010000000010052282
020000000000000001
030000000017948.55
040000000001152.11
050000000000893.29
060000000000000003
070000000000200.55
080000000000000008
090000000000699.00
100000000000000001
110000000000252.14
120000000000000008
130000000000000.00
140000000000000001
150000000017744.88
160000000000000002
170000000035053.77
1800000009/28/2024
190000000000000.00
200000000000000.00
210000000000000.00
220000000000000.00
230000000000000.00
240000000001756.43
250000000000000.00
260000000000000.00
270000000000186.96
280000000005000.00
290000000001379.01
300000000000000003
