010000000010052282
020000000000000001
030000000010892.86
040000000001071.43
050000000000000.00
060000000000000000
070000000000000.00
080000000000000000
090000000000000.00
100000000000000000
110000000000000.00
120000000000000000
130000000000000.00
140000000000000000
150000000000000.00
160000000000000001
170000000010714.29
1800000009/13/2024
190000000000000.00
200000000000000.00
210000000000000.00
220000000002000.00
230000000000214.29
240000000000714.29
250000000000000.00
260000000000000.00
270000000000178.57
280000000000000.00
290000000000000.00
300000000000000000
