010000000010052282
020000000000000001
030000000019312.54
040000000001798.67
050000000000920.43
060000000000000003
070000000000668.66
080000000000000022
090000000000899.00
100000000000000001
110000000000000.00
120000000000000000
130000000000000.00
140000000000000000
150000000000000.00
160000000000000001
170000000018643.88
1800000009/06/2024
190000000000000.00
200000000000000.00
210000000000000.00
220000000005467.22
230000000014988.78
240000000001856.43
250000000000000.00
260000000000000.00
270000000000197.68
280000000000000.00
290000000001405.65
300000000000000003
