010000000010052282
020000000000000001
030000000001417.86
040000000000144.64
050000000000000.00
060000000000000000
070000000000050.00
080000000000000001
090000000000000.00
100000000000000000
110000000000003.57
120000000000000001
130000000000000.00
140000000000000000
150000000000000.00
160000000000000001
170000000001364.29
1800000009/20/2024
190000000000000.00
200000000000000.00
210000000000000.00
220000000002500.00
230000000000267.86
240000000000000.00
250000000000000.00
260000000000000.00
270000000000000.00
280000000000000.00
290000000000000.00
300000000000000000
