010000000010052282
020000000000000001
030000000016093.00
040000000001702.99
050000000000000.00
060000000000000000
070000000000204.55
080000000000000008
090000000000000.00
100000000000000000
110000000000000.00
120000000000000000
13.
140000000000000000
150000000000000.00
160000000000016800
170000001138425.00
1800000012/30/1899
190000000000000.00
200000000000000.00
210000000000025.00
220000000005078.96
230000000004353.03
240000000000000.00
250000000000000.00
260000000000000.00
270000000000000.00
280000000000000.00
290000000000000.00
300000000000000000
