010000000010052282
020000000000000001
030000000001390.18
040000000000000.00
050000000000000.00
060000000000000000
070000000000278.04
080000000000000001
090000000000000.00
100000000000000000
110000000000000.00
120000000000000000
130000000000000.00
140000000000000001
150000000018643.88
160000000000000002
170000000019756.02
1800000009/09/2024
190000000000000.00
200000000000000.00
210000000000000.00
220000000000000.00
230000000000000.00
240000000001112.14
250000000000000.00
260000000000000.00
270000000000000.00
280000000000000.00
290000000000000.00
300000000000000000
