010000000010052282
020000000000000001
030000000073618.14
040000000006812.31
050000000007210.91
060000000000000172
070000000002610.99
080000000000000172
090000000000000.00
100000000000000000
110000000000000.00
120000000000000000
130000000000000.00
140000000000000001
150000000017751.17
160000000000000001
170000000071007.32
1800000003/09/2024
190000000000000.00
200000000000000.00
210000000000000.00
220000000021869.88
230000000002177.56
240000000071007.32
250000000000000.00
260000000000000.00
270000000000790.71
280000000000000.00
290000000001406.65
300000000000000003
